338 Index

6111101101,110,01111011001071ιιμ11116 61010, Arsin, 60011107 holds 10116 0116
011011, 1697 persuades 110 1006010 71071 0101001017 6101111 5111011 ,179
0116011110 0011011601 101 11711111 11, - ,7110701 70701111117110670111 11001-
1707111 101111οι 000000000 111 0001· 107,177
111670 and 61010600,1“6,11010011 61011010,6310, 610011, 700 601107
0011111010111170190710111 Ashley: customary 61100, 1797 1101101

6116011117006011111011101001071101010 616611111111111111000110, 1113001οι,
01101010· ιιι 1110 01107101, 967 01 two 1100101Ιο, 5711100 60 (11106116 611011
other 0117111101 10 01601010 ιιι 110 00000111 01, 77· 17 010010711111 10

110 00111οι11 1177 elected 61101, 7 7,

6101 1’1011171110111101010 7117, ι79 1187 100171111011 0116 60011, 74, his
Α11οι111071,1011160 0100116οι1 6010610010006,11111,11111

11016οι1177 600010110,111111111111 607 ιι 1011101 111
610106, John: 301101111161116111111711670 ’1061οι09 197

0710110 01 &melitam 61110111, 1111110111, 001101 1110110117 1011-
610011011 11110101 170 1111111 6011011, 704
10110011,61100(10710111 11116111 61111670, 11011177 10110111 111 60016,

5111100,1707710701101111711067011111ιο 197197
10100176 -,1107017101111111116011111011,700

-· ,11001107 60· 110160 10061061011 Α101ι111011,11ι11111107710160 1111630111

5110711011, 1667 71071 6001710670 01076011, 146
11010, 179 10,-,1117 60., 199

-- 11,17019760 10160 11116111 5001100 1010100, 611006 017 60., 16.
16νο101,166711101001011011,1770 6101110711 7101101110 601106, 701
ιι101100111010171110,1’6.7710771110111· 6177110,1110001710110111111601617011,
pledge ιιι 5011111οο 11010101, 179 711

611171061011116, 168 6111101101, 6101116607 1016111116 111

-- ,1107017 10110000001701117101101 50110101, 176 1
015. (11100, 187 6110 11010, 1101117, 1617601101, 16. 7

60600111, 6101011601 607 101611016111 111οπ011, 167 110 11011107 0116 11116
01071101, 146 0 knights 100111 11 6011011, 1671100011100011101 0
6011007064[10101010110110717117,16.70011011

61161011 (5.,1 1110 6710711107 11010111 1711010100,ι·6.
dedic-tuasnuuwooden 010101710, 6110710110, 011107, 1101117, son 017
0161100011, 471 1000600601115. 10110111 111 1106117107, 709
(111001011011001010101,467111171- -,1170701 71070100107007010111111

..11111711111111111..11, (6111111111, 1,

187 61101111600111077 tenant 1116011111,

- ,11117117 010110111161110010, 194 197196

66710100, 61101017 1001711617, 719 61110101,611110101,6101011(101,187

6171011070, 7060710101 -,001111071011101110 1110007107οι 111

Α111161116160111116)ί mmadugh 6110011161111311016110111110189

61170110 (51ηο1710113111101101770601001 6110111111, Jordan 607 10160 10116111
610011010006 0101171001 101170 01 1111171016, 176
6011110117 79 611711, 6671110167 member 010 11117,Ι

6161010· 1 71711101001100101,1147 176
71761050107110111 0116 1016117 01101 ἦ, Rl1lchlxitrdh ”gamm 7,ιιι·7Ξ ,107

ιι 011 10 0 111

A 1701110171, ο6170111010, (11100 607 110161 6011, 147 7111 (11071101 016 1111111ι
11116111 Μο16101110116 1110110011, 149 1467 710571 11101710607011010, 177

6111710110, seeA' on 6171101110,11117107001101001-

Α16111711110111Ι Ῑ111111 111οι1ΙΙ 1111001 Ι,10681 611111111171110111181111161 rents 1
view 01 1101171767οη 1777 0111011111 1110101170 11185. (3101001111 7101111,
01 71101160 016180 Cambridge

Α1111111111(116766161911711 1111161111 61111 Α1711111717 61011 1101101ῃέ1111611116611
111, 171 1171 171 ·

 

