441 Index

0101111140,1011114111111111101 0110044 0101100411, 1110011141, 111010
1410000111111000110 0001001, 110 1111 de 01100 108
11011 018. 01111111, 1011110 -, 41104 “ 1101111011ρο0
1040111οἰ10 1111111, 111·1144 01 0101. 0111111100101101104011
110 11011100 01 S 1111414110 111 Ρ1101, 10840110 014111, 1114
011110, 1184 01110 11011100 01 the 11111101 101 the 1110010910411111
81011, 114 01 111 1111011001 10· 44111 10111011 seulement,⁰⁹ 1104 holds
1111011 the convent 1011 110· 11011 01 Wood Ditton 11 1001 will customary
8.110111141,141419 11010110 41101 dues, 1484110110110111011149111
14 1111111111 de 1111001104, 011111- 01111 3141110114,14144141 111011
001101, 1144 visit 01 william de 41·1114110 8111411411, 144
111111, bl 01 1114, 114 1(ίο 01101000011111110, 14
11111441014110 11141 01010101, Roget (1144101111 lendin
014111 10 1110 014110, 114 141011 011411000140
11010101101101111001404010101 0101010404 1111111110 second 1111011, 49
0181111411001011111101114 1141 01011110144100011411141110111411104
011110 Ρ11011100101110011101111141, John, ,49

181·190 010111Ιο, 0114 014 414 11110110 01111 ’ l

-,11111111111441110 convent blnd 1111041011, 144
111101011οε 10 414 10 1011114001 0140111, 1110111111 de: 1010141101 10 111
01 111 104411οε1 01 11110 de 1111-ιο1100111041101448,106,104411114
1101104 14. 01 Ely 101110 0114111101 01101 411110 11401011 1101 1411111111,
019111104114101111410111111441, 1084011011141110011,111
nugs 10 101100 141101110140111,0141011,11111111111011411111
1110011040011001010410111011,101-1011011111,4144 4140101011είιῖ
441111ω141490111 111141410 41ὲά mllll 106801110011, ,4144 10 llo.
111140ιὲ00341 10 or} ἑξὲιὲᾟίἱᾶἓεω 01ἑ41εοὲὴ1111441ᾉῧ10144 1110410110 1114-
d 011. 1).·10,41,11001111- -·-, Robert: rents 1 void 41011011
001010111104114111014410411101100 10 Cambridge, 186
0111111Ρ1101,1011111101110100114 Caput 11110, see Townsend
1844 0110001101 0100110001 40, 94, 0144011101, ,111141 (1001414111011410
1110011
010111114001110, 110011014104 011000100141010111114 0101111οο)
1101041011146 11101011 141101114111111
0101101100,141,146 01111110, william: 1011411011 1011110-
01110104,14,8 144 41101016944140111011410114011010,
01111011, 144, 444 149
1110411111,164,146 01100141101,111011101
1131111111 '2⁷³⁶ 1111411111 ·’····· ¹⁷⁹
Ρ14140111, 148, 144 0111100411111001011110111111111111100
1111111111,,144 144 1114641994 10101001 01 11101 01
811100,161,1441.01101 1011401141010114 111101· 10,
81141011,149,144 1444 1111101111111000111101011011011
11141011,149,148 10, 164411011011110114111140, 144
11011110114,141,144 --,1111111111111414“141110000 01101111
11110161011,144,146 01 0110111141, 44
0110111140,1101111 01· holds lendin -111111110111140401111111410114010
8111011, 1414 0111100141111010 Dry 1111110111100144
1)11,4100 411 0111100-01101- -1111110411014 customary
0110011 ,10101104 0044011111οΡ110111 11110410,144
1001000001,166410111110110014,0114001111144,Α1111041041101108110·
0111100014 his 10010 11100114, 148 -ll-llR³ Ι’111111 10001110, 140
-,111111104101111110111ογ’1111001-011111,1111111110,14444141 4101111140
1401114, 1448 10 11111011111111110,1111011101111 1141100446
1614 41111014101141111010,144 --, 1811111101 11, 1111111111 (11111111,

401400 pays 11101410140· 10 11111011 014111101100341014111
81011, 144 Ρ1101,14440100 11141110 lvii

 

